name = 'TRAPPIST-1 b'
T = 2566.0
magband = 'J'
mag = 11.354
airmass = 1.2
pwv = 2.5
see = 50
harps = 'ham'
nirps = 'he'
R_rat = 0.0859
M_s = 0
Vsys = 0
R_p = 0.1
M_p = 0.00432
inc = 89.728
mpsini = 0.00432
w = 5.879316118268099
P = 1.510826
a = 0.01154
ecc = 0.00622
b = 0.095
T0 = 2457322.514193
calc_pb = 'Y'
