name = 'GJ 9827 b'
T = 4305.0
T_marcs = 4250
Vmag = 10.37
Imag = 8.81
Ymag = 9.01
Jmag = 7.984
Hmag = 7.379
GAIA_DR3 = 2643842302456085888
airmass = 1.2
pwv = 2.5
see = 30
harps = 'ham'
nirps = 'he'
R_s = 0
R_rat = 0.02396
M_s = 0.61
log_g = 4.66
log_g_marcs = 4.5
Vsys = 0
R_p = 0.141
M_p = 0.01617
inc = 86.07
mpsini = 0.01617
w = 0
P = 1.2089819
a = 0.0188
ecc = 0
b = 0.4602
T0 = 2457738.82586
calc_pb = 'Y'
