name = 'HD 209458 b'
T = 6091.0
magband = 'J'
mag = 6.591
Vmag = 7.65
Imag = 7.1134829731745395
airmass = 1.2
pwv = 2.5
see = 30
harps = 'ham'
nirps = 'he'
R_rat = 0.12086
M_s = 1.23
Vsys = 0
R_p = 1.39
M_p = 0.73
inc = 86.71
mpsini = 0.73
w = 0
P = 3.52474859
a = 0.04707
ecc = 0
b = 0.507
T0 = 2451659.93742
calc_pb = 'Y'
